60067
60384
60640
60861
61468
63178
63502
63681
64581
64761
65035
65597
65831
65955
67313
67542
67641
67695
67965
68014
68102
68372
68483
68530
68935
68954
69241
69531
70386
70908
71231
71271
71777
72089
72126
72133
72160
72238
72587
72606
72623
72721
73040
73460
73662
73918
73982
74458
74470
74549
74787
74878
75027
75072
75762
76266
76469
76512
76606
77074
77127
77318
77414
77759
78143
78823
78861
79066
79716
79870
80107
80109
80317
80347
80675
80962
81370
81635
81722
82061
82237
82373
82865
82926
83008
83238
83619
83728
84137
84569
84607
85233
85332
85396
